local PetActions = {}

PetActions["Cat"] = {
    [1] = {nil,CFrame.new(311.529236, 17.6985016, -1555.24377, 4.13590306e-25, -2.20627422e-19, -1, 2.6094682e-12, 1, -2.20627422e-19, 1, -2.6094682e-12, -4.13589715e-25),.4},
    [2] = {"Jump",CFrame.new(316.917664, 20.0503616, -1576.0376, 5.42101086e-20, -0.258819163, -0.965927243, 0, 0.965926528, -0.258819461, 1, -2.16840434e-19, -2.35581038e-20),2},
    [3] = {"Walk",CFrame.new(326.467377, 22.6091976, -1576.0376, 5.42101086e-20, -0.258819163, -0.965927243, 0, 0.965926528, -0.258819461, 1, -2.16840434e-19, -2.35581038e-20),3},
    [4] = {"Walk",CFrame.new(327.817474, 22.9709473, -1576.0376, 1.87298222e-19, 0.0394052118, -0.999227643, -2.03354599e-19, 0.999225557, 0.0394045562, 1, -4.63878648e-19, -9.76742105e-20),.1},
    [5] = {"Walk",CFrame.new(338.659637, 20.2818985, -1576.04761, 1.12121256e-19, 0.258819193, -0.965925872, -7.13009422e-19, 0.965925813, 0.258819163, 1, 6.59695047e-19, 2.9284135e-19),3},
    [6] = {"Walk",CFrame.new(339.105072, 20.1625366, -1576.26746, 5.42101086e-20, 0.25881806, 0.965926111, -8.67361738e-19, 0.965926111, -0.25881806, -1, -8.23776816e-19, 2.76851845e-19),.3},
    [7] = {"Walk",CFrame.new(329.528046, 22.728714, -1576.18286, -9.07210544e-19, 0.258817047, 0.965926349, -1.12285053e-18, 0.965926409, -0.258817017, -1, -1.31939247e-18, -5.85685698e-19),3},
    [8] = {"Walk",CFrame.new(327.453644, 22.8734589, -1576.54663, -4.99371787e-26, -0.00573995709, 0.999983132, -2.20175812e-25, 0.999983847, 0.00573991239, -1, 9.63529254e-26, 1.56326593e-25),.2},
    [9] = {"Walk",CFrame.new(317.427704, 20.1870422, -1576.49841, -1.18606876e-25, -0.258819252, 0.965925157, -3.59174829e-25, 0.965926409, 0.258818865, -1, 3.1623856e-25, 2.07526723e-25),3},
    [10] = {"Jump",CFrame.new(312.149506, 17.6985054, -1576.53845, 4.71155873e-20, -1.1920929e-07, 0.999997258, -2.60946841e-12, 1.00000262, -1.1920929e-07, -1, -2.60947492e-12, 2.63957263e-19),2},
    [11] = {"Idle",nil,3}
}

PetActions["Dog"] = {
    [1] = {nil,CFrame.new(311.513641, 17.6985016, -1576.65845, 0, 2.98023224e-08, -1.00000072, 2.6094682e-12, 1.00000036, -2.98023224e-08, 1, -2.60946928e-12, 5.42101086e-20),.4},
    [2] = {"Jump",CFrame.new(316.917664, 20.0503616, -1576.0376, 5.42101086e-20, -0.258819163, -0.965927243, 0, 0.965926528, -0.258819461, 1, -2.16840434e-19, -2.35581038e-20),2},
    [3] = {"Walk",CFrame.new(326.467377, 22.6091976, -1576.0376, 5.42101086e-20, -0.258819163, -0.965927243, 0, 0.965926528, -0.258819461, 1, -2.16840434e-19, -2.35581038e-20),3},
    [4] = {"Walk",CFrame.new(327.817474, 22.9709473, -1576.0376, 1.87298222e-19, 0.0394052118, -0.999227643, -2.03354599e-19, 0.999225557, 0.0394045562, 1, -4.63878648e-19, -9.76742105e-20),.1},
    [5] = {"Walk",CFrame.new(338.659637, 20.2818985, -1576.04761, 1.12121256e-19, 0.258819193, -0.965925872, -7.13009422e-19, 0.965925813, 0.258819163, 1, 6.59695047e-19, 2.9284135e-19),3},
    [6] = {"Walk",CFrame.new(339.105072, 20.1625366, -1576.26746, 5.42101086e-20, 0.25881806, 0.965926111, -8.67361738e-19, 0.965926111, -0.25881806, -1, -8.23776816e-19, 2.76851845e-19),.3},
    [7] = {"Walk",CFrame.new(329.528046, 22.728714, -1576.18286, -9.07210544e-19, 0.258817047, 0.965926349, -1.12285053e-18, 0.965926409, -0.258817017, -1, -1.31939247e-18, -5.85685698e-19),3},
    [8] = {"Walk",CFrame.new(327.453644, 22.8734589, -1576.54663, -4.99371787e-26, -0.00573995709, 0.999983132, -2.20175812e-25, 0.999983847, 0.00573991239, -1, 9.63529254e-26, 1.56326593e-25),.2},
    [9] = {"Walk",CFrame.new(317.427704, 20.1870422, -1576.49841, -1.18606876e-25, -0.258819252, 0.965925157, -3.59174829e-25, 0.965926409, 0.258818865, -1, 3.1623856e-25, 2.07526723e-25),3},
    [10] = {"Jump",CFrame.new(312.149506, 17.6985054, -1576.53845, 4.71155873e-20, -1.1920929e-07, 0.999997258, -2.60946841e-12, 1.00000262, -1.1920929e-07, -1, -2.60947492e-12, 2.63957263e-19),2},
    [11] = {"Idle",nil,3}
}

return PetActions